60,0,0,0,0
135,0,0,0,0
210,0,0,0,0
285,0,0,0,0
360,0,0,0,0
435,0,0,0,0
510,0,0,0,0
585,0,0,0,0
660,0,0,0,0
735,0,0,0,0
810,0,0,0,0
885,0,0,0,0
960,0,0,0,0
1035,0,0,0,0
1110,0,0,0,0
1185,0,0,0,0
1260,0,0,0,0
1335,0,0,0,0
1410,0,0,0,0
1485,0,0,0,0
1560,0,0,0,0
1635,0,0,0,0
1710,0,0,0,0
1785,0,0,0,0
1860,0,0,0,0
1935,0,0,0,0
2010,0,0,0,0
2085,0,0,0,0
2160,0,0,0,0
2235,0,0,0,0
2310,0,0,0,0
2385,0,0,0,0
2460,0,0,0,0
2535,0,0,0,0
2610,0,0,0,0
2685,0,0,0,0
2760,0,0,0,0
2835,0,0,0,0
2910,0,0,0,0
2985,0,0,0,0
3060,0,0,0,0
3135,0,0,0,0
3210,0,0,0,0
3285,0,0,0,0
3360,0,0,0,0
3435,0,0,0,0
3510,0,0,0,0
3585,0,0,0,0
3660,0,0,0,0
3735,0,1,0,0
3810,0,0,0,0
3885,0,0,0,0
3960,0,0,0,0
4035,0,0,0,0
4110,0,0,1,0
4185,0,0,0,0
4260,1,0,0,0
4335,0,0,1,0
4410,0,0,1,0
4485,1,0,0,0
4560,1,0,1,1
4635,0,1,1,0
4710,1,1,1,0
4785,1,0,0,0
4860,1,0,1,1
4935,0,1,1,0
5010,1,1,0,0
5085,1,0,0,0
5160,1,0,1,1
5235,0,1,1,0
5310,1,1,0,0
5385,0,0,0,0
5460,1,0,0,1
5535,0,1,1,0
5610,0,1,0,0
5685,1,0,0,0
5760,1,1,0,1
5835,0,1,1,0
5910,1,1,0,0
5985,1,0,0,0
6060,1,0,1,1
6135,0,1,1,0
6210,1,1,0,0
6285,1,0,0,0
6360,1,0,0,1
6435,0,1,1,0
6510,0,1,0,0
6585,1,0,0,0
6660,1,1,0,1
6735,0,1,1,0
6810,1,1,0,0
6885,1,0,0,0
6960,1,0,1,1
7035,0,1,1,0
7110,0,1,0,0
7185,1,0,0,0
7260,1,1,1,1
7335,0,1,1,0
7410,1,1,0,0
7485,1,0,0,0
7560,1,1,0,1
7635,1,1,1,0
7710,1,1,0,0
7785,0,0,0,0
7860,1,1,0,0
7935,1,1,0,0
8010,0,1,0,0
8085,0,0,0,0
8160,1,0,0,1
8235,1,1,0,0
8310,0,1,0,0
8385,0,0,0,0
8460,1,1,0,0
8535,0,1,0,0
8610,1,0,0,0
8685,0,0,0,0
8760,0,0,0,1
8835,0,0,1,0
8910,1,0,0,0
8985,0,0,0,0
9060,1,0,0,0
9135,0,0,0,0
9210,0,0,1,0
9285,0,0,0,0
9360,1,0,0,0
9435,0,0,0,0
9510,1,0,1,0
9585,0,0,0,0
9660,1,0,0,0
9735,0,1,0,0
9810,1,0,0,0
9885,0,0,0,0
9960,1,0,0,0
10035,0,1,0,0
10110,0,0,0,0
10185,0,0,0,0
10260,1,0,0,0
10335,0,1,0,0
10410,0,0,0,0
10485,0,0,0,0
10560,1,0,0,0
10635,0,1,0,0
10710,0,0,0,0
10785,0,0,0,0
10860,1,0,0,0
10935,0,0,0,0
11010,0,0,0,0
11085,0,0,0,0
11160,0,0,0,0
11235,0,1,0,0
11310,1,0,0,0
11385,0,0,0,0
11460,0,0,0,0
11535,1,0,0,0
11610,0,0,1,0
11685,0,0,0,0
11760,1,0,0,0
11835,0,0,1,0
11910,0,0,0,0
11985,0,0,0,0
12060,1,0,1,0
12135,1,1,0,0
12210,0,1,1,0
12285,0,0,0,0
12360,1,0,0,0
12435,0,1,0,0
12510,0,0,0,0
12585,1,0,0,0
12660,0,0,0,0
12735,1,0,0,0
12810,0,1,0,0
12885,0,0,0,0
12960,1,0,0,0
13035,1,0,0,0
13110,1,0,0,0
13185,0,0,0,0
13260,1,0,0,0
13335,1,0,0,0
13410,0,0,1,0
13485,1,0,0,0
13560,1,0,0,0
13635,1,0,0,0
13710,0,0,1,0
13785,0,0,0,0
13860,1,0,0,0
13935,1,0,0,0
14010,1,0,0,0
14085,1,0,0,0
14160,1,0,0,0
14235,1,0,0,0
14310,1,0,1,0
14385,0,0,0,0
14460,1,0,0,0
14535,1,0,0,0
14610,0,0,1,0
14685,0,0,1,0
14760,1,0,0,0
14835,1,0,0,0
14910,0,0,1,0
14985,0,0,0,0
15060,1,0,0,0
15135,1,0,0,0
15210,0,0,1,0
15285,0,0,0,0
15360,1,0,0,0
15435,1,0,0,0
15510,0,0,0,0
15585,0,0,0,0
15660,1,0,0,0
15735,1,0,0,0
15810,0,0,1,0
15885,0,0,0,0
15960,1,0,0,0
16035,1,0,0,0
16110,0,0,1,0
16185,0,0,0,0
16260,0,0,0,0
16335,1,0,0,0
16410,1,0,0,0
16485,0,0,0,0
16560,1,0,0,0
16635,1,0,0,0
16710,0,0,1,0
16785,0,0,0,0
16860,1,0,0,0
16935,1,0,0,0
17010,0,0,0,0
17085,1,0,0,0
17160,1,0,0,0
17235,1,1,0,0
17310,1,0,0,0
17385,0,0,0,0
17460,1,0,0,0
17535,1,0,0,0
17610,1,0,0,0
17685,0,0,0,0
17760,1,0,0,0
17835,1,0,0,0
17910,0,1,0,0
17985,0,0,0,0
18060,1,0,0,0
18135,1,0,0,0
18210,0,0,0,0
18285,1,0,0,0
18360,1,0,0,0
18435,1,0,0,0
18510,0,0,0,0
18585,1,0,0,0
18660,0,0,0,0
18735,1,0,0,0
18810,1,0,0,0
18885,1,0,0,0
18960,1,0,0,0
19035,1,0,0,0
19110,0,0,1,0
19185,1,0,0,0
19260,1,0,0,0
19335,1,0,0,0
19410,0,0,1,0
19485,1,0,0,0
19560,1,0,0,0
19635,1,0,1,0
19710,0,0,0,0
19785,1,0,0,0
19860,0,0,0,0
19935,1,0,0,0
20010,1,0,0,0
20085,1,0,0,0
20160,1,0,0,0
20235,1,0,0,0
20310,1,0,0,0
20385,1,0,0,0
20460,1,0,0,0
20535,1,0,0,0
20610,0,0,1,0
20685,1,0,0,0
20760,1,0,0,0
20835,1,0,0,0
20910,1,0,0,0
20985,1,0,0,0
21060,1,0,0,0
21135,1,0,0,0
21210,1,0,0,0
21285,1,0,0,0
21360,0,0,0,0
21435,1,0,0,0
21510,1,0,0,0
21585,0,0,0,0
21660,1,0,0,0
21735,1,0,0,0
21810,1,0,1,0
21885,0,0,0,0
21960,1,0,0,0
22035,1,0,0,0
22110,1,0,0,0
22185,1,0,0,0
22260,1,0,0,0
22335,1,0,0,0
22410,1,0,1,0
22485,1,0,0,0
22560,1,0,0,0
22635,1,0,0,0
22710,1,0,0,0
22785,1,0,0,0
22860,1,0,0,0
22935,1,0,0,0
23010,0,0,1,0
23085,1,0,0,0
23160,1,0,0,0
23235,1,0,0,0
23310,1,0,1,0
23385,1,0,0,0
23460,1,0,0,0
23535,1,0,0,0
23610,1,0,1,0
23685,1,0,0,0
23760,1,0,0,0
23835,1,0,0,0
23910,0,0,1,0
23985,0,0,0,0
24060,1,0,0,0
24135,1,0,0,0
24210,0,0,1,0
24285,1,0,0,0
24360,1,0,0,0
24435,1,0,0,0
24510,0,0,1,0
24585,1,0,0,0
24660,1,0,0,0
24735,1,0,0,0
24810,1,0,1,0
24885,0,0,0,0
24960,1,0,0,0
25035,1,0,0,0
25110,0,0,0,0
25185,0,0,0,0
25260,1,0,0,0
25335,1,0,0,0
25410,0,0,1,0
25485,0,0,0,0
25560,1,0,0,0
25635,1,0,0,0
25710,0,0,1,0
25785,1,0,0,0
25860,1,0,0,0
25935,1,0,0,0
26010,1,0,0,0
26085,0,0,1,0
26160,1,0,0,0
26235,1,0,0,0
26310,0,0,1,0
26385,0,0,0,0
26460,1,0,0,0
26535,1,0,0,0
26610,1,0,1,0
26685,1,0,0,0
26760,1,0,0,0
26835,1,0,0,0
26910,1,0,0,0
26985,1,0,0,0
27060,0,0,0,0
27135,1,0,0,0
27210,1,0,0,0
27285,0,0,1,0
27360,1,0,0,0
27435,1,0,0,0
27510,0,0,0,0
27585,1,0,0,0
27660,1,0,0,0
27735,1,0,0,0
27810,0,0,1,0
27885,1,0,0,0
27960,1,0,0,0
28035,1,0,1,0
28110,1,0,0,0
28185,1,0,0,0
28260,1,0,0,0
28335,1,0,1,0
28410,1,0,0,0
28485,0,0,1,0
28560,1,0,0,0
28635,1,0,0,0
28710,0,0,1,0
28785,0,0,0,0
28860,1,0,0,0
28935,1,0,0,0
29010,1,0,0,0
29085,0,0,0,0
29160,1,0,0,0
29235,1,0,0,0
29310,1,0,0,0
29385,1,0,0,0
29460,1,0,0,0
29535,1,0,1,0
29610,1,0,0,0
29685,0,0,0,0
29760,1,0,0,0
29835,1,0,0,0
29910,1,0,0,0
29985,0,0,0,0
30060,1,0,0,0
30135,1,0,0,0
30210,1,0,1,0
30285,1,0,0,0
30360,1,0,0,0
30435,1,0,0,0
30510,1,0,0,0
30585,1,0,0,0
30660,1,0,0,0
30735,1,0,0,0
30810,1,0,0,0
30885,1,0,0,0
30960,1,0,0,0
31035,1,0,0,0
31110,1,0,0,0
31185,1,0,0,0
31260,1,0,0,0
31335,1,0,0,0
31410,1,0,0,0
31485,1,0,0,0
31560,1,0,0,0
31635,1,0,0,0
31710,1,0,0,0
31785,1,0,0,0
31860,1,0,0,0
31935,1,0,0,0
32010,1,0,0,0
32085,1,0,0,0
32160,1,0,0,0
32235,1,0,0,0
32310,1,0,1,0
32385,1,0,0,0
32460,1,0,0,0
32535,1,0,0,0
32610,1,0,1,0
32685,1,0,1,0
32760,1,0,0,0
32835,1,0,0,0
32910,1,0,1,0
32985,0,0,0,0
33060,1,0,0,0
33135,1,0,0,0
33210,0,0,1,0
33285,0,0,0,0
33360,1,0,0,0
33435,1,0,0,0
33510,1,0,1,0
33585,0,0,0,0
33660,1,0,0,0
33735,1,0,0,0
33810,0,0,1,0
33885,1,0,0,0
33960,1,0,0,0
34035,1,0,0,0
34110,1,0,1,0
34185,1,0,0,0
34260,1,0,0,0
34335,1,0,0,0
34410,1,0,0,0
34485,1,0,0,0
34560,1,0,0,0
34635,1,0,0,0
34710,1,0,1,0
34785,0,0,0,0
34860,1,0,0,0
34935,1,0,0,0
35010,0,0,1,0
35085,1,0,0,0
35160,1,0,0,0
35235,1,0,0,0
35310,0,0,1,0
35385,1,0,0,0
35460,1,0,0,0
35535,1,0,0,0
35610,1,0,0,0
35685,1,0,0,0
35760,1,0,0,0
35835,1,0,0,0
35910,1,0,0,0
35985,1,0,0,0
36060,1,0,0,0
36135,1,0,0,0
36210,1,0,0,0
36285,0,0,0,0
36360,1,0,0,0
36435,1,0,0,0
36510,0,0,1,0
36585,1,0,0,0
36660,1,0,0,0
36735,1,0,0,0
36810,1,0,0,0
36885,1,0,0,0
36960,1,0,0,0
37035,1,0,0,0
37110,1,0,0,0
37185,0,0,0,0
37260,1,0,0,0
37335,1,0,0,0
37410,0,0,1,0
37485,1,0,0,0
37560,1,0,0,0
37635,1,0,0,0
37710,0,0,1,0
37785,1,0,0,0
37860,1,0,0,0
37935,1,0,0,0
38010,0,0,1,0
38085,1,0,0,0
38160,1,0,0,0
38235,1,0,0,0
38310,1,0,1,0
38385,1,0,0,0
38460,1,0,0,0
38535,1,0,0,0
38610,1,0,0,0
38685,1,0,0,0
38760,1,0,0,0
38835,1,0,0,0
38910,1,0,1,0
38985,0,0,0,0
39060,1,0,0,0
39135,1,0,0,0
39210,0,0,1,0
39285,0,0,0,0
39360,1,0,0,0
39435,1,0,0,0
39510,0,0,1,0
39585,1,0,0,0
39660,1,0,0,0
39735,1,0,0,0
39810,1,0,1,0
39885,0,0,0,0
39960,1,0,0,0
40035,1,0,0,0
40110,0,0,1,0
40185,1,0,0,0
40260,1,0,0,0
40335,1,0,0,0
40410,0,0,1,0
40485,1,0,0,0
40560,1,0,0,0
40635,1,0,0,0
40710,1,0,1,0
40785,1,0,0,0
40860,1,0,0,0
40935,1,0,0,0
41010,1,0,1,0
41085,1,0,0,0
41160,1,0,0,0
41235,1,0,0,0
41310,1,0,0,0
41385,1,0,0,0
41460,1,0,0,0
41535,1,0,0,0
41610,1,0,0,0
41685,0,0,0,0
41760,1,0,0,0
41835,1,0,0,0
41910,1,0,1,0
41985,0,0,0,0
42060,1,0,0,0
42135,1,0,0,0
42210,0,0,1,0
42285,1,0,0,0
42360,1,0,0,0
42435,1,0,0,0
42510,1,0,1,0
42585,1,0,0,0
42660,1,0,0,0
42735,1,0,0,0
42810,0,0,1,0
42885,1,0,0,0
42960,1,0,0,0
43035,1,0,0,0
43110,1,0,0,0
43185,1,0,0,0
43260,1,0,0,0
43335,1,0,0,0
43410,0,0,1,0
43485,1,0,0,0
43560,1,0,0,0
43635,1,0,0,0
43710,1,0,0,0
43785,1,0,0,0
43860,1,0,0,0
43935,1,0,0,0
44010,1,0,0,0
44085,1,0,0,0
44160,1,0,0,0
44235,1,0,0,0
44310,1,0,0,0
44385,0,0,0,0
44460,1,0,0,0
44535,1,0,0,0
44610,0,0,1,0
44685,1,0,0,0
44760,1,0,0,0
44835,1,0,0,0
44910,1,0,0,0
44985,1,0,0,0
45060,1,0,0,0
45135,1,0,0,0
45210,0,0,1,0
45285,1,0,0,0
45360,1,0,0,0
45435,1,0,0,0
45510,1,0,1,0
45585,1,0,0,0
45660,1,0,0,0
45735,1,0,0,0
45810,1,0,0,0
45885,0,0,0,0
45960,1,0,0,0
46035,1,0,0,0
46110,1,0,0,0
46185,1,0,0,0
46260,1,0,0,0
46335,1,0,0,0
46410,1,0,0,0
46485,0,0,1,0
46560,1,0,0,0
46635,1,0,0,0
46710,1,0,1,0
46785,0,0,0,0
46860,1,0,0,0
46935,1,0,0,0
47010,1,0,1,0
47085,1,0,0,0
47160,1,0,0,0
47235,1,0,0,0
47310,1,0,0,0
47385,1,0,0,0
47460,1,0,0,0
47535,1,0,0,0
47610,1,0,1,0
47685,0,0,0,0
47760,1,0,0,0
47835,1,0,0,0
47910,0,0,1,0
47985,1,0,0,0
48060,1,0,0,0
48135,1,0,0,0
48210,1,0,1,0
48285,1,0,0,0
48360,1,0,0,0
48435,1,0,0,0
48510,1,0,1,0
48585,1,0,0,0
48660,1,0,0,0
48735,1,0,0,0
48810,1,0,1,0
48885,0,0,0,0
48960,1,0,0,0
49035,1,0,0,0
49110,1,0,0,0
49185,0,0,1,0
49260,1,0,0,0
49335,1,0,0,0
49410,1,0,1,0
49485,0,0,0,0
49560,1,0,0,0
49635,1,0,0,0
49710,1,0,1,0
49785,1,0,0,0
49860,1,0,0,0
49935,1,0,0,0
50010,1,0,0,0
50085,1,0,0,0
50160,0,0,0,0
50235,1,0,0,0
50310,1,0,0,0
50385,0,0,0,0
50460,1,0,0,0
50535,1,0,0,0
50610,1,0,0,0
50685,0,0,0,0
50760,1,0,0,0
50835,1,0,0,0
50910,1,0,0,0
50985,1,0,0,0
51060,1,0,0,0
51135,1,0,0,0
51210,0,0,1,0
51285,1,0,0,0
51360,1,0,0,0
51435,1,0,0,0
51510,1,0,0,0
51585,1,0,0,0
51660,1,0,0,0
51735,1,0,0,0
51810,1,0,0,0
51885,1,0,0,0
51960,1,0,0,0
52035,1,0,0,0
52110,1,0,0,0
52185,0,0,1,0
52260,1,0,0,0
52335,1,0,0,0
52410,1,0,1,0
52485,0,0,1,0
52560,1,0,0,0
52635,1,0,0,0
52710,1,0,1,0
52785,0,0,0,0
52860,1,0,0,0
52935,1,0,0,0
53010,1,0,1,0
53085,0,0,0,0
53160,1,0,0,0
53235,1,0,0,0
53310,1,0,1,0
53385,1,0,0,0
53460,1,0,0,0
53535,1,0,0,0
53610,1,0,0,0
53685,1,0,0,0
53760,1,0,0,0
53835,1,0,0,0
53910,1,0,0,0
53985,0,0,0,0
54060,1,0,0,0
54135,1,0,0,0
54210,0,0,1,0
54285,0,0,0,0
54360,1,0,0,0
54435,1,0,1,0
54510,0,0,1,0
54585,1,0,0,0
54660,1,0,0,0
54735,1,0,1,0
54810,1,0,0,0
54885,0,0,0,0
54960,1,0,0,0
55035,1,0,0,0
55110,1,0,0,0
55185,1,0,0,0
55260,1,0,0,0
55335,1,0,0,0
55410,1,0,0,0
55485,1,0,0,0
55560,1,0,0,0
55635,1,0,0,0
55710,1,0,0,0
55785,1,0,0,0
55860,1,0,0,0
55935,1,0,0,0
56010,1,0,0,0
56085,0,0,1,0
56160,1,0,0,0
56235,1,0,0,0
56310,1,0,0,0
56385,0,0,1,0
56460,1,0,0,0
56535,1,0,0,0
56610,1,0,0,0
56685,1,0,0,0
56760,1,0,0,0
56835,1,0,1,0
56910,1,0,0,0
56985,1,0,0,0
57060,1,0,0,0
57135,1,0,0,0
57210,1,0,0,0
57285,0,0,0,0
57360,1,0,0,0
57435,1,0,0,0
57510,1,0,0,0
57585,1,0,0,0
57660,1,0,0,0
57735,1,0,0,0
57810,1,0,0,0
57885,1,0,0,0
57960,1,0,0,0
58035,1,0,0,0
58110,1,0,1,0
58185,0,0,0,0
58260,1,0,0,0
58335,1,0,0,0
58410,0,0,1,0
58485,1,0,0,0
58560,1,0,0,0
58635,1,0,0,0
58710,1,0,1,0
58785,1,0,0,0
58860,1,0,0,0
58935,1,0,0,0
59010,1,0,1,0
59085,1,0,0,0
59160,1,0,0,0
59235,1,0,0,0
59310,0,0,1,0
59385,1,0,0,0
59460,1,0,0,0
59535,1,0,0,0
59610,1,0,0,0
59685,0,0,0,0
59760,1,0,0,0
59835,1,0,0,0
59910,1,0,1,0
59985,1,0,0,0
60060,1,0,0,0
60135,1,0,0,0
60210,1,0,0,0
60285,1,0,0,0
60360,1,0,0,0
60435,1,0,0,0
60510,1,0,0,0
60585,1,0,0,0
60660,1,0,0,0
60735,1,0,0,0
60810,1,0,0,0
60885,0,0,1,0
60960,1,0,0,0
61035,1,0,0,0
61110,0,0,1,0
61185,1,0,0,0
61260,1,0,0,0
61335,1,0,0,0
61410,0,0,1,0
61485,1,0,0,0
61560,1,0,0,0
61635,1,0,1,0
61710,0,0,1,0
61785,1,0,0,0
61860,1,0,0,0
61935,1,0,0,0
62010,1,0,0,0
62085,0,0,0,0
62160,1,0,0,0
62235,1,0,0,0
62310,1,0,0,0
62385,1,0,0,0
62460,1,0,0,0
62535,1,0,0,0
62610,1,0,1,0
62685,0,0,0,0
62760,1,0,0,0
62835,1,0,0,0
62910,0,0,0,0
62985,1,0,0,0
63060,1,0,0,0
63135,1,0,1,0
63210,1,0,0,0
63285,1,0,0,0
63360,1,0,0,0
63435,1,0,0,0
63510,1,0,0,0
63585,1,0,0,0
63660,1,0,0,0
63735,1,0,0,0
63810,0,0,0,0
63885,1,0,0,0
63960,1,0,0,0
64035,1,0,1,0
64110,0,0,0,0
64185,1,0,1,0
64260,1,0,0,0
64335,1,0,1,0
64410,0,0,1,0
64485,1,0,0,0
64560,1,0,0,0
64635,1,0,0,0
64710,0,0,1,0
64785,1,0,0,0
64860,1,0,0,0
64935,1,0,0,0
65010,0,0,1,0
65085,1,0,0,0
65160,1,0,0,0
65235,1,0,0,0
65310,0,0,1,0
65385,1,0,0,0
65460,1,0,0,0
65535,1,0,0,0
65610,0,0,0,0
65685,1,0,0,0
65760,1,0,0,0
65835,1,0,0,0
65910,1,0,0,0
65985,1,0,0,0
66060,1,0,0,0
66135,1,0,0,0
66210,1,0,0,0
66285,1,0,0,0
66360,1,0,0,0
66435,1,0,0,0
66510,1,0,0,0
66585,1,0,0,0
66660,1,0,0,0
66735,1,0,0,0
66810,1,0,0,0
66885,1,0,0,0
66960,1,0,0,0
67035,1,0,0,0
67110,1,0,0,0
67185,1,0,0,0
67260,1,0,0,0
67335,1,0,0,0
67410,1,0,0,0
67485,1,0,0,0
67560,1,0,0,0
67635,1,0,0,0
67710,1,0,0,0
67785,1,0,0,0
67860,1,0,0,0
67935,1,0,0,0
68010,1,0,0,0
68085,1,0,0,0
68160,1,0,0,0
68235,1,0,0,0
68310,1,0,0,0
68385,1,0,0,0
68460,1,0,0,0
68535,1,0,0,0
68610,1,0,0,0
68685,1,0,0,0
68760,1,0,0,0
68835,1,0,0,0
68910,1,0,0,0
68985,1,0,0,0
69060,1,0,0,0
69135,1,0,0,0
69210,1,0,0,0
69285,1,0,0,0
69360,1,0,0,0
69435,1,0,0,0
69510,1,0,0,0
69585,1,0,0,0
69660,1,0,0,0
69735,1,0,0,0
69810,1,0,0,0
69885,1,0,1,0
69960,1,0,0,0
70035,1,0,0,0
70110,1,0,0,0
70185,1,0,0,0
70260,1,0,0,0
70335,1,0,0,0
70410,1,0,0,0
70485,1,0,0,0
70560,1,0,0,0
70635,1,0,0,0
70710,1,0,0,0
70785,1,0,0,0
70860,1,0,0,0
70935,1,0,0,0
71010,1,0,0,0
71085,1,0,0,0
71160,1,0,0,0
71235,1,0,0,0
71310,1,0,0,0
71385,0,0,1,0
71460,1,0,0,0
71535,1,0,0,0
71610,0,0,1,0
71685,1,0,0,0
71760,1,0,0,0
71835,0,0,0,0
71910,1,0,0,0
71985,1,0,0,0
72060,1,0,0,0
72135,1,0,0,0
72210,1,0,0,0
72285,0,0,0,0
72360,0,0,0,0
72435,1,0,0,0
72510,0,0,0,0
72585,0,0,0,0
72660,0,0,0,0
72735,0,0,0,0
72810,0,0,0,0
72885,0,0,0,0
72960,1,0,0,0
73035,0,0,0,0
73110,0,0,0,0
73185,0,0,0,0
73260,0,0,0,0
73335,0,0,0,0
73410,0,0,0,0
73485,0,0,0,0
73560,1,0,0,0
73635,0,0,0,0
73710,0,0,0,0
73785,1,0,0,0
73860,1,0,0,0
73935,1,0,0,0
74010,0,0,0,0
74085,1,0,0,0
74160,1,0,0,0
74235,0,0,0,0
74310,1,0,0,0
74385,1,0,0,0
74460,1,0,0,0
74535,1,0,0,0
74610,0,0,0,0
74685,1,0,0,0
74760,1,0,0,0
74835,1,0,0,0
74910,1,0,0,0
74985,0,0,0,0
75060,1,0,0,0
75135,1,0,0,0
75210,1,0,0,0
75285,1,0,0,0
75360,0,0,0,0
75435,0,0,1,0
75510,0,0,0,0
75585,1,0,1,0
75660,0,0,0,0
75735,0,0,0,0
75810,0,0,0,0
75885,0,0,1,0
75960,0,0,0,0
76035,1,0,0,0
76110,0,0,0,0
76185,0,0,0,0
76260,0,0,0,0
76335,0,0,0,0
76410,1,0,0,0
76485,1,0,0,1
76560,0,0,0,0
76635,0,0,0,1
76710,0,0,0,0
76785,1,0,0,0
76860,1,0,0,0
76935,0,1,0,0
77010,0,0,0,0
77085,1,0,0,0
77160,0,0,1,0
77235,0,0,0,0
77310,0,0,0,0
77385,0,0,0,0
77460,0,0,0,0
77535,0,0,0,0
77610,0,0,1,0
77685,0,0,0,0
77760,0,0,0,0
77835,0,0,0,0
77910,0,0,0,0
77985,0,0,0,0
78060,0,0,0,0
78135,0,0,0,0
78210,0,0,0,0
78285,0,0,0,0
78360,0,0,0,0
78435,0,0,0,0
78510,0,0,0,0
78585,1,0,0,0
78660,0,0,0,0
78735,0,0,0,0
78810,0,0,0,0
78885,0,0,0,0
78960,0,0,1,0
79035,0,0,0,0
79110,0,0,0,0
79185,0,0,0,0
79260,0,0,0,0
79335,0,0,0,0
79410,0,0,0,0
79485,0,0,0,0
79560,0,0,0,0
79635,0,0,0,0
79710,0,0,0,0
79785,0,0,0,0
79860,0,0,0,0
79935,0,0,0,0
80010,0,0,0,0
80085,0,0,0,0
80160,0,0,1,0
80235,0,0,0,0
80310,0,0,0,0
80385,0,0,0,0
80460,0,0,0,0
80535,0,0,0,0
80610,0,0,0,0
80685,0,0,0,0
80760,0,0,0,0
80835,0,0,0,0
80910,1,0,0,0
80985,1,0,0,0
81060,1,0,0,0
81135,1,1,0,0
81210,0,0,0,0
81285,0,0,0,0
81360,0,0,0,0
81435,0,0,0,0
81510,0,1,0,0
81585,1,1,0,0
81660,0,0,0,0
81735,0,1,0,0
81810,0,1,0,0
81885,0,0,0,0
81960,0,0,0,0
82035,0,0,1,0
82110,0,0,0,0
82185,0,0,0,0
82260,0,0,0,0
82335,0,0,0,0
82410,0,0,0,0
82485,0,0,0,0
82560,1,0,0,0
82635,0,0,0,0
82710,1,0,0,0
82785,1,0,1,0
82860,1,0,0,0
82935,1,0,0,0
83010,0,0,1,0
83085,1,0,0,0
83160,1,0,0,0
83235,0,0,1,0
83310,1,0,0,0
83385,1,0,0,0
83460,1,0,0,0
83535,1,0,0,0
83610,1,0,0,0
83685,1,0,0,0
83760,0,0,1,0
83835,0,0,0,0
83910,1,0,0,0
83985,0,0,1,0
84060,0,0,0,0
84135,1,0,0,0
84210,1,0,0,0
84285,1,0,0,0
84360,1,0,0,0
84435,1,0,0,0
84510,1,0,0,0
84585,1,0,0,0
84660,1,0,0,0
84735,1,0,0,0
84810,1,0,0,0
84885,1,0,0,0
84960,1,0,0,0
85035,1,0,0,0
85110,1,0,0,0
85185,1,0,0,0
85260,1,0,0,0
85335,1,0,0,0
85410,1,0,0,0
85485,0,0,0,0
85560,0,0,0,0
85635,0,0,0,0
85710,0,0,0,0
85785,0,0,0,0
85860,0,0,0,0
85935,0,0,0,0
86010,0,0,0,0
86085,1,0,0,0
86160,0,0,0,0
86235,0,0,0,0
86310,0,0,0,0
86385,0,0,0,0
86460,0,0,1,0
86535,0,0,0,0
86610,1,0,0,0
86685,0,0,0,0
86760,1,0,0,0
86835,1,0,0,0
86910,0,0,0,0
86985,0,0,1,0
87060,0,0,0,0
87135,0,0,0,0
87210,0,0,0,0
87285,1,0,0,0
87360,1,0,0,0
87435,0,0,0,0
87510,0,0,0,0
87585,0,0,0,0
87660,0,0,0,0
87735,1,0,0,0
87810,0,0,0,0
87885,0,0,0,0
87960,1,0,0,0
88035,0,0,0,0
88110,0,0,0,0
88185,0,0,0,0
88260,0,0,0,0
88335,0,0,0,0
88410,1,0,0,0
88485,1,0,0,0
88560,0,0,0,0
88635,0,0,0,0
88710,1,0,0,0
88785,0,0,0,0
88860,0,0,1,0
88935,0,0,0,0
89010,0,0,0,0
89085,0,0,0,0
89160,0,0,0,0
89235,0,0,0,0
89310,0,0,0,0
89385,0,0,0,0
89460,0,0,0,0
89535,0,0,0,0
89610,0,0,0,0
89685,0,0,1,0
89760,0,0,0,0
89835,0,0,0,0
89910,0,0,0,0
89985,0,0,0,0
90060,0,0,0,0
90135,0,0,0,0
90210,0,0,0,0
90285,1,0,0,0
90360,1,0,0,0
90435,0,0,1,0
90510,0,0,0,0
90585,0,0,0,0
90660,0,0,1,0
90735,0,0,0,0
90810,0,0,0,0
90885,0,0,0,0
90960,0,0,0,0
91035,0,0,0,0
91110,0,0,0,0
91185,0,0,0,0
91260,0,0,0,0
91335,0,0,0,0
91410,0,0,0,0
91485,0,0,0,0
91560,0,0,0,0
91635,1,0,0,0
91710,0,0,1,0
91785,0,0,0,0
91860,0,0,0,0
91935,0,0,0,0
92010,0,0,0,0
92085,1,0,0,0
92160,1,0,0,0
92235,0,0,0,0
92310,0,0,0,0
92385,1,0,0,0
92460,0,0,0,0
92535,0,0,0,0
92610,0,0,0,0
92685,1,0,0,0
92760,1,0,0,0
92835,0,0,0,0
92910,0,0,0,0
92985,0,0,0,0
93060,1,0,0,0
93135,0,0,0,0
93210,1,0,0,0
93285,1,0,0,0
93360,1,0,0,0
93435,1,0,0,0
93510,1,0,0,0
93585,1,0,0,0
93660,1,0,1,0
93735,1,0,0,0
93810,1,0,0,0
93885,1,0,0,0
93960,1,0,1,0
94035,1,0,0,0
94110,1,0,0,0
94185,1,0,0,0
94260,1,0,0,0
94335,1,0,0,0
94410,1,0,0,0
94485,1,0,0,0
94560,1,0,0,0
94635,1,0,0,0
94710,1,0,0,0
94785,1,0,0,0
94860,1,0,0,0
94935,1,0,0,0
95010,1,0,1,0
95085,1,0,1,0
95160,1,0,0,0
95235,0,0,0,0
95310,0,0,1,0
95385,0,0,0,0
95460,1,0,0,0
95535,0,0,0,0
95610,1,0,0,1
95685,1,0,0,0
95760,0,0,1,0
95835,1,0,0,0
95910,1,0,0,0
95985,0,0,1,0
96060,1,0,0,0
96135,1,0,0,0
96210,1,0,0,0
96285,1,0,0,0
96360,0,0,0,0
96435,1,0,0,0
96510,1,0,0,0
96585,0,0,0,0
96660,0,0,0,0
96735,0,0,0,0
96810,1,0,0,0
96885,0,0,0,0
96960,1,0,0,0
97035,1,0,0,0
97110,0,0,0,0
97185,0,0,0,0
97260,0,0,0,0
97335,1,0,0,0
97410,1,0,1,0
97485,1,0,0,0
97560,1,0,0,0
97635,0,0,1,0
97710,0,0,0,0
97785,0,0,0,0
97860,0,0,1,0
97935,1,0,0,0
98010,1,0,0,0
98085,0,0,0,0
98160,1,0,0,0
98235,1,0,0,0
98310,1,0,0,0
98385,1,0,0,0
98460,0,0,0,0
98535,1,0,0,0
98610,1,0,0,0
98685,1,0,0,0
98760,0,0,1,0
98835,1,0,0,0
98910,1,0,0,0
98985,0,0,0,0
99060,1,0,0,0
99135,1,0,0,0
99210,1,1,0,0
99285,1,0,0,0
99360,1,0,0,0
99435,1,0,0,0
99510,1,0,0,0
99585,1,0,0,0
99660,1,0,0,0
99735,1,0,0,0
99810,1,0,0,0
99885,1,0,1,0
99960,1,0,0,0
100035,0,0,1,0
100110,0,0,1,0
100185,0,0,0,0
100260,1,0,0,0
100335,0,0,0,0
100410,1,0,0,0
100485,1,0,0,0
100560,0,0,1,0
100635,1,0,0,0
100710,1,0,0,0
100785,0,0,1,0
100860,1,0,0,0
100935,1,0,0,0
101010,1,0,0,0
101085,1,0,0,0
101160,1,0,0,0
101235,1,0,0,0
101310,1,0,0,0
101385,1,0,0,0
101460,1,0,0,0
101535,1,0,0,0
101610,1,0,0,0
101685,1,0,0,0
101760,1,0,0,0
101835,1,0,0,0
101910,1,0,0,0
101985,1,0,0,0
102060,1,0,0,0
102135,1,0,0,0
102210,1,0,1,0
102285,1,0,0,0
102360,1,0,0,0
102435,1,0,0,0
102510,1,0,0,0
102585,1,0,0,0
102660,1,0,0,0
102735,1,0,0,0
102810,1,0,0,0
102885,1,0,0,0
102960,1,0,0,0
103035,1,0,0,0
103110,0,0,0,0
103185,1,0,0,0
103260,1,0,0,0
103335,1,0,0,0
103410,1,0,0,0
103485,1,0,0,0
103560,1,0,0,0
103635,1,0,1,0
103710,1,0,0,0
103785,1,0,0,0
103860,1,0,0,0
103935,1,0,1,0
104010,1,0,0,0
104085,1,0,0,0
104160,1,0,0,0
104235,1,0,0,0
104310,1,0,0,0
104385,1,0,0,0
104460,1,0,0,0
104535,1,0,0,0
104610,0,1,0,0
104685,0,0,1,0
104760,1,0,0,0
104835,1,0,0,0
104910,0,0,0,0
104985,1,0,0,0
105060,1,0,1,0
105135,1,0,0,0
105210,1,0,0,0
105285,1,0,0,0
105360,1,0,0,0
105435,1,0,0,0
105510,1,0,0,0
105585,1,0,0,0
105660,1,0,0,0
105735,1,0,0,0
105810,1,0,0,0
105885,1,0,1,0
105960,1,0,1,0
106035,1,0,0,0
106110,1,0,0,0
106185,1,0,0,0
106260,1,0,0,0
106335,1,0,1,0
106410,1,0,0,0
106485,1,0,0,0
106560,1,0,0,0
106635,0,0,0,0
106710,1,0,0,0
106785,1,0,0,0
106860,1,0,0,0
106935,1,0,0,0
107010,1,0,0,0
107085,1,0,1,0
107160,1,0,1,0
107235,1,0,0,0
107310,1,0,0,0
107385,0,0,0,0
107460,1,0,0,0
107535,1,0,0,0
107610,1,0,0,0
107685,1,0,1,0
107760,0,0,0,0
107835,1,0,0,0
107910,1,0,0,0
107985,1,0,0,0
108060,1,0,0,0
108135,1,0,0,0
108210,1,0,0,0
108285,1,0,0,0
108360,1,0,1,0
108435,1,0,0,0
108510,1,0,1,0
108585,1,0,0,0
108660,1,0,0,0
108735,1,0,1,0
108810,1,0,0,0
108885,1,0,0,0
108960,0,0,1,0
109035,1,0,0,0
109110,1,0,0,0
109185,1,0,0,0
109260,1,0,1,0
109335,1,0,0,0
109410,1,0,0,0
109485,0,0,1,0
109560,1,0,0,0
109635,1,0,0,0
109710,0,0,0,0
109785,1,0,0,0
109860,1,0,0,0
109935,0,0,1,0
110010,1,0,0,0
110085,1,0,0,0
110160,0,0,0,0
110235,1,0,0,0
110310,1,0,0,0
110385,1,0,0,0
110460,1,0,0,0
110535,1,0,0,0
110610,1,0,0,0
110685,1,0,0,0
110760,1,0,0,0
110835,1,0,0,0
110910,1,0,0,0
110985,1,0,0,0
111060,1,0,0,0
111135,1,0,0,0
111210,1,0,0,0
111285,1,0,0,0
111360,0,0,1,0
111435,1,0,0,0
111510,1,0,0,0
111585,1,0,0,0
111660,1,0,0,0
111735,1,0,0,0
111810,1,0,0,0
111885,1,0,0,0
111960,1,0,0,0
112035,0,0,1,0
112110,1,0,0,0
112185,1,0,0,0
112260,1,0,0,0
112335,1,0,0,0
112410,0,0,0,0
112485,1,0,0,0
112560,1,0,0,0
112635,1,0,0,0
112710,0,0,0,0
112785,1,0,0,0
112860,1,0,0,0
112935,1,0,0,0
113010,1,0,0,0
113085,1,0,0,0
113160,1,0,0,0
113235,1,0,0,0
113310,1,0,0,0
113385,1,0,0,0
113460,1,0,0,0
113535,1,0,0,0
113610,1,0,1,0
113685,1,0,0,0
113760,1,0,0,0
113835,1,0,0,0
113910,1,0,0,0
113985,1,0,0,0
114060,1,0,0,0
114135,1,0,0,0
114210,1,0,0,0
114285,1,0,0,0
114360,1,0,0,0
114435,1,0,0,0
114510,1,0,1,0
114585,1,0,0,0
114660,1,0,1,0
114735,1,0,1,0
114810,1,0,0,0
114885,1,0,1,0
114960,0,0,0,0
115035,1,0,0,0
115110,1,0,0,0
115185,0,0,0,0
115260,1,0,0,0
115335,1,0,0,0
115410,1,1,0,0
115485,1,0,0,0
115560,1,0,0,0
115635,1,0,0,0
115710,1,0,0,0
115785,1,0,0,0
115860,1,0,0,0
115935,1,0,0,0
116010,1,0,0,0
116085,1,0,0,0
116160,1,0,1,0
116235,1,0,0,0
116310,0,0,1,0
116385,1,0,0,0
116460,1,0,0,0
116535,1,0,0,0
116610,1,0,1,0
116685,1,0,0,0
116760,1,0,0,0
116835,1,0,0,0
116910,1,0,0,0
116985,0,0,0,0
117060,1,0,0,0
117135,1,0,0,0
117210,1,0,1,0
117285,0,0,0,0
117360,1,0,0,0
117435,1,0,0,0
117510,1,0,0,0
117585,1,0,0,0
117660,1,0,0,0
117735,1,0,0,0
117810,0,0,1,0
117885,1,0,0,0
117960,1,0,0,0
118035,1,0,0,0
118110,1,0,0,0
118185,0,0,0,0
118260,1,0,0,0
118335,1,0,0,0
118410,0,0,1,0
118485,1,0,1,0
118560,1,0,0,0
118635,1,0,0,0
118710,0,0,1,0
118785,1,0,0,0
118860,1,0,0,0
118935,1,0,0,0
119010,0,0,1,0
119085,1,0,0,0
119160,1,0,0,0
119235,1,0,0,0
119310,1,0,0,0
119385,0,0,0,0
119460,1,0,0,0
119535,1,0,0,0
119610,1,0,0,0
119685,0,0,0,0
119760,1,0,0,0
119835,1,0,0,0
119910,0,0,1,0
119985,1,0,0,0
120060,1,0,0,0
120135,1,0,1,0
120210,1,0,0,0
120285,1,0,0,0
120360,1,0,0,0
120435,1,0,0,0
120510,1,0,1,0
120585,0,0,0,0
120660,1,0,0,0
120735,1,0,0,0
120810,1,0,0,0
120885,1,0,0,0
120960,1,0,0,0
121035,1,0,0,0
121110,1,0,0,0
121185,1,0,0,0
121260,1,0,0,0
121335,1,0,0,0
121410,1,0,0,0
121485,0,0,1,0
121560,1,0,0,0
121635,1,0,0,0
121710,1,0,1,0
121785,0,0,0,0
121860,1,0,0,0
121935,1,0,0,0
122010,1,0,0,0
122085,1,0,0,0
122160,1,0,0,0
122235,1,0,0,0
122310,1,0,0,0
122385,1,0,0,0
122460,1,0,0,0
122535,1,0,0,0
122610,1,0,1,0
122685,1,0,0,0
122760,1,0,0,0
122835,1,0,0,0
122910,1,0,0,0
122985,1,0,0,0
123060,1,0,0,0
123135,1,0,0,0
123210,1,0,0,0
123285,0,0,1,0
123360,1,0,0,0
123435,1,0,0,0
123510,0,0,1,0
123585,1,0,0,0
123660,1,0,0,0
123735,1,0,0,0
123810,0,0,1,0
123885,1,0,0,0
123960,1,0,0,0
124035,1,0,0,0
124110,1,0,0,0
124185,1,0,0,0
124260,1,0,0,0
124335,1,0,0,0
124410,1,0,0,0
124485,0,0,0,0
124560,1,0,0,0
124635,1,0,0,0
124710,0,0,1,0
124785,1,0,0,0
124860,1,0,0,0
124935,1,0,0,0
125010,1,0,1,0
125085,1,0,0,0
125160,1,0,0,0
125235,1,0,0,0
125310,1,0,0,0
125385,1,0,0,0
125460,1,0,0,0
125535,1,0,0,0
125610,1,0,1,0
125685,0,0,0,0
125760,1,0,0,0
125835,1,0,0,0
125910,0,0,1,0
125985,1,0,0,0
126060,1,0,0,0
126135,1,0,0,0
126210,0,0,0,0
126285,1,0,0,0
126360,1,0,0,0
126435,1,0,0,0
126510,1,0,0,0
126585,1,0,0,0
126660,1,0,0,0
126735,1,0,0,0
126810,1,0,0,0
126885,0,0,1,0
126960,1,0,0,0
127035,1,0,0,0
127110,0,0,1,0
127185,0,0,1,0
127260,1,0,0,0
127335,1,0,0,0
127410,0,0,1,0
127485,1,0,0,0
127560,1,0,0,0
127635,1,0,1,0
127710,1,0,0,0
127785,1,0,0,0
127860,0,0,0,0
127935,1,0,0,0
128010,1,0,0,0
128085,1,0,0,0
128160,1,0,0,0
128235,1,0,0,0
128310,1,0,0,0
128385,1,0,0,0
128460,1,0,0,0
128535,1,0,0,0
128610,0,0,0,0
128685,1,0,0,0
128760,1,0,0,0
128835,1,0,0,0
128910,0,0,0,0
128985,1,0,0,0
129060,1,0,0,0
129135,1,0,0,0
129210,1,0,0,0
129285,1,0,0,0
129360,0,0,0,0
129435,1,0,0,0
129510,1,0,0,0
129585,0,0,1,0
129660,1,0,0,0
129735,1,0,0,0
129810,0,0,1,0
129885,1,0,0,0
129960,1,0,0,0
130035,1,0,0,0
130110,1,0,0,0
130185,1,0,0,0
130260,1,0,0,0
130335,1,0,0,0
130410,1,0,0,0
130485,1,0,0,0
130560,1,0,0,0
130635,1,0,0,0
130710,1,0,0,0
130785,1,0,0,0
130860,1,0,0,0
130935,1,0,0,0
131010,1,0,0,0
131085,1,0,0,0
131160,1,0,0,0
131235,1,0,0,0
131310,1,0,0,0
131385,1,0,0,0
131460,1,0,0,0
131535,1,0,0,0
131610,1,0,0,0
131685,1,0,1,0
131760,1,0,0,0
131835,1,0,0,0
131910,0,0,1,0
131985,1,0,0,0
132060,1,0,0,0
132135,1,0,0,0
132210,0,0,1,0
132285,1,0,0,0
132360,1,0,0,0
132435,1,0,0,0
132510,1,0,0,0
132585,1,0,0,0
132660,1,0,0,0
132735,1,0,0,0
132810,1,0,0,0
132885,0,0,0,0
132960,1,0,0,0
133035,1,0,0,0
133110,0,0,1,0
133185,1,0,0,0
133260,1,0,0,0
133335,1,0,0,0
133410,1,0,0,0
133485,1,0,0,0
133560,1,0,0,0
133635,1,0,0,0
133710,1,0,0,0
133785,1,0,0,0
133860,1,0,0,0
133935,1,0,0,0
134010,1,0,0,0
134085,1,0,0,0
134160,1,0,0,0
134235,1,0,0,0
134310,1,0,0,0
134385,1,0,0,0
134460,1,0,0,0
134535,1,0,0,0
134610,1,0,0,0
134685,1,0,0,0
134760,1,0,0,0
134835,1,0,0,0
134910,1,0,0,0
134985,0,0,1,0
135060,1,0,0,0
135135,1,0,0,0
135210,1,0,0,0
135285,1,0,1,0
135360,1,0,0,0
135435,1,0,0,0
135510,1,0,1,0
135585,1,0,1,0
135660,1,0,0,0
135735,1,0,0,0
135810,1,0,0,0
135885,1,0,1,0
135960,1,0,0,0
136035,1,0,0,0
136110,0,0,1,0
136185,1,0,1,0
136260,1,0,0,0
136335,1,0,0,0
136410,1,0,0,0
136485,1,0,1,0
136560,1,0,0,0
136635,1,0,0,0
136710,1,0,0,0
136785,1,0,1,0
136860,1,0,0,0
136935,1,0,0,0
137010,1,0,0,0
137085,1,0,1,0
137160,1,0,0,0
137235,1,0,0,0
137310,1,0,0,0
137385,1,0,1,0
137460,1,0,0,0
137535,1,0,0,0
137610,0,0,1,0
137685,1,0,0,0
137760,1,0,0,0
137835,1,0,1,0
137910,0,0,0,0
137985,1,0,0,0
138060,1,0,0,0
138135,1,0,0,0
138210,0,0,0,0
138285,1,0,0,0
138360,1,0,0,0
138435,1,0,0,0
138510,0,0,1,0
138585,1,0,0,0
138660,1,0,0,0
138735,1,0,0,0
138810,1,0,0,0
138885,1,0,0,0
138960,1,0,0,0
139035,1,0,0,0
139110,1,0,0,0
139185,1,0,0,0
139260,1,0,0,0
139335,1,0,0,0
139410,1,0,1,0
139485,1,0,0,0
139560,1,0,0,0
139635,1,0,0,0
139710,0,0,0,0
139785,1,0,0,0
139860,1,0,0,0
139935,1,0,0,0
140010,1,0,0,0
140085,1,0,0,0
140160,1,0,0,0
140235,1,0,0,0
140310,1,0,0,0
140385,1,0,0,0
140460,1,0,0,0
140535,1,0,0,0
140610,1,0,0,0
140685,1,0,0,0
140760,1,0,0,0
140835,1,0,0,0
140910,1,0,0,0
140985,1,0,0,0
141060,1,0,0,0
141135,1,0,0,0
141210,1,0,0,0
141285,1,0,0,0
141360,1,0,0,0
141435,1,0,0,0
141510,1,0,0,0
141585,1,0,0,0
141660,1,0,0,0
141735,1,0,0,0
141810,1,0,0,0
141885,1,0,0,0
141960,1,0,0,0
142035,1,0,0,0
142110,1,0,0,0
142185,1,0,1,0
142260,0,0,0,0
142335,1,0,0,0
142410,1,0,0,0
142485,0,0,1,0
142560,1,0,0,0
142635,1,0,0,0
142710,1,0,1,0
142785,1,0,0,0
142860,1,0,0,0
142935,1,0,0,0
143010,0,0,0,0
143085,1,0,0,0
143160,1,0,0,0
143235,1,0,0,0
143310,1,0,0,0
143385,1,0,0,0
143460,1,0,0,0
143535,1,0,1,0
143610,1,0,0,0
143685,1,0,0,0
143760,1,0,0,0
143835,1,0,0,0
143910,1,0,0,0
143985,1,0,0,0
144060,1,0,0,0
144135,1,0,0,0
144210,1,0,0,0
144285,1,0,0,0
144360,1,0,0,0
144435,1,0,0,0
144510,1,0,0,0
144585,1,0,1,0
144660,1,0,0,0
144735,1,0,0,0
144810,0,0,1,0
144885,1,0,1,0
144960,1,0,0,0
145035,1,0,0,0
145110,1,0,0,0
145185,1,0,0,0
145260,1,0,0,0
145335,1,0,0,0
145410,1,0,1,0
145485,1,0,0,0
145560,1,0,0,0
145635,1,0,0,0
145710,1,0,0,0
145785,1,0,0,0
145860,1,0,0,0
145935,1,0,0,0
146010,1,0,1,0
146085,1,0,0,0
146160,1,0,0,0
146235,1,0,0,0
146310,1,0,1,0
146385,1,0,0,0
146460,1,0,0,0
146535,1,0,0,0
146610,1,0,1,0
146685,1,0,0,0
146760,1,0,0,0
146835,1,0,0,0
146910,1,0,1,0
146985,1,0,0,0
147060,1,0,0,0
147135,1,0,0,0
147210,1,0,0,0
147285,0,0,1,0
147360,1,0,0,0
147435,1,0,0,0
147510,1,0,1,0
147585,1,0,0,0
147660,1,0,0,0
147735,1,0,0,0
147810,1,0,1,0
147885,0,0,0,0
147960,1,0,0,0
148035,1,0,0,0
148110,1,0,1,0
148185,1,0,0,0
148260,1,0,0,0
148335,1,0,0,0
148410,1,0,1,0
148485,1,0,0,0
148560,1,0,0,0
148635,1,0,0,0
148710,1,0,0,0
148785,0,0,1,0
148860,1,0,0,0
148935,1,0,0,0
149010,0,0,1,0
149085,1,0,0,0
149160,1,0,0,0
149235,1,0,0,0
149310,1,0,0,0
149385,1,0,0,0
149460,1,0,0,0
149535,1,0,0,0
149610,1,0,0,0
149685,1,0,1,0
149760,1,0,0,0
149835,1,0,0,0
149910,1,0,0,0
149985,1,0,0,0
150060,1,0,0,0
150135,1,0,0,0
150210,1,0,0,0
150285,1,0,0,0
150360,1,0,0,0
150435,1,0,0,0
150510,1,0,0,0
150585,1,0,0,0
150660,1,0,0,0
150735,1,0,0,0
150810,1,0,0,0
150885,1,0,0,0
150960,1,0,0,0
151035,1,0,0,0
151110,1,0,0,0
151185,1,0,0,0
151260,1,0,0,0
151335,1,0,0,0
151410,1,0,0,0
151485,1,0,0,0
151560,1,0,0,0
151635,1,0,0,0
151710,1,0,0,0
151785,1,0,0,0
151860,1,0,1,0
151935,1,0,0,0
152010,1,0,0,0
152085,1,0,0,0
152160,1,0,0,0
152235,1,0,0,0
152310,1,0,0,0
152385,1,0,0,0
152460,1,0,0,0
152535,1,0,0,0
152610,1,0,0,0
152685,1,0,0,0
152760,1,0,1,0
152835,1,0,0,0
152910,1,0,0,0
152985,1,0,1,0
153060,1,0,0,0
153135,1,0,0,0
153210,1,0,0,0
153285,1,0,0,0
153360,1,0,0,0
153435,1,0,0,0
153510,1,0,0,0
153585,1,0,0,0
153660,1,0,0,0
153735,1,0,0,0
153810,1,0,0,0
153885,1,0,0,0
153960,1,0,0,0
154035,1,0,0,0
154110,1,0,0,0
154185,1,0,0,0
154260,1,0,0,0
154335,1,0,0,0
154410,1,0,0,0
154485,1,0,1,0
154560,1,0,0,0
154635,1,0,0,0
154710,1,0,0,0
154785,1,0,0,0
154860,1,0,0,0
154935,1,0,0,0
155010,1,0,0,0
155085,1,0,0,0
155160,1,0,0,0
155235,1,0,0,0
155310,1,0,0,0
155385,1,0,0,0
155460,1,0,0,0
155535,1,0,0,0
155610,1,0,0,0
155685,1,0,0,0
155760,1,0,0,0
155835,1,0,0,0
155910,1,0,0,0
155985,1,0,0,0
156060,1,0,0,0
156135,1,0,0,0
156210,1,0,0,0
156285,1,0,0,0
156360,1,0,0,0
156435,1,0,0,0
156510,1,0,0,0
156585,1,0,0,0
156660,1,0,0,0
156735,1,0,0,0
156810,1,0,0,0
156885,1,0,0,0
156960,1,0,0,0
157035,1,0,0,0
157110,1,0,0,0
157185,1,0,0,0
157260,1,0,0,0
157335,1,0,0,0
157410,1,0,0,0
157485,1,0,0,0
157560,1,0,0,0
157635,1,0,0,0
157710,1,0,0,0
157785,1,0,0,0
157860,1,0,0,0
157935,1,0,0,0
158010,1,0,0,0
158085,1,0,1,0
158160,1,0,0,0
158235,1,0,0,0
158310,1,0,0,0
158385,1,0,0,0
158460,1,0,0,0
158535,1,0,0,0
158610,1,0,0,0
158685,1,0,0,0
158760,1,0,0,0
158835,1,0,0,0
158910,1,0,0,0
158985,1,0,0,0
159060,1,0,0,0
159135,1,0,0,0
159210,1,0,0,0
159285,1,0,0,0
159360,1,0,0,0
159435,1,0,0,0
159510,1,0,0,0
159585,1,0,0,0
159660,1,0,0,0
159735,1,0,0,0
159810,1,0,0,0
159885,1,0,0,0
159960,1,0,0,0
160035,1,0,0,0
160110,1,0,0,0
160185,1,0,0,0
160260,1,0,0,0
160335,1,0,0,0
160410,1,0,0,0
160485,1,0,0,0
160560,1,0,0,0
160635,1,0,0,0
160710,1,0,0,0
160785,1,0,0,0
160860,1,0,0,0
160935,1,0,0,0
161010,1,0,0,0
161085,1,0,0,0
161160,1,0,0,0
161235,1,0,0,0
161310,1,0,0,0
161385,1,0,0,0
161460,1,0,0,0
161535,1,0,0,0
161610,1,0,0,0
161685,1,0,0,0
161760,1,0,0,0
161835,1,0,0,0
161910,1,0,1,0
161985,1,0,0,0
162060,1,0,0,0
162135,1,0,0,0
162210,1,0,0,0
162285,1,0,0,0
162360,1,0,0,0
162435,1,0,0,0
162510,1,0,0,0
162585,1,0,0,0
162660,0,0,0,0
162735,1,0,0,0
162810,1,0,0,0
162885,1,0,0,0
162960,1,0,0,0
163035,1,0,0,0
163110,1,0,0,0
163185,1,0,1,0
163260,1,0,0,0
163335,1,0,0,0
163410,0,0,0,0
163485,1,0,0,0
163560,1,0,0,0
163635,1,0,0,0
163710,1,0,0,0
163785,1,0,0,0
163860,1,0,0,0
163935,1,0,0,0
164010,0,0,1,0
164085,1,0,0,0
164160,1,0,0,0
164235,1,0,0,0
164310,1,0,0,0
164385,1,0,1,0
164460,1,0,0,0
164535,1,0,1,0
164610,1,0,0,0
164685,1,0,0,0
164760,1,0,0,0
164835,1,0,0,0
164910,0,0,0,0
164985,1,0,0,0
165060,1,0,0,0
165135,1,0,1,0
165210,1,0,0,0
165285,1,0,0,0
165360,1,0,0,0
165435,1,0,1,0
165510,1,0,0,0
165585,1,0,0,0
165660,1,0,0,0
165735,1,0,0,0
165810,1,0,0,0
165885,1,0,0,0
165960,1,0,0,0
166035,1,0,0,0
166110,1,0,0,0
166185,1,0,1,0
166260,1,0,0,0
166335,1,0,0,0
166410,1,0,0,0
166485,1,0,1,0
166560,1,0,0,0
166635,1,0,0,0
166710,0,0,1,0
166785,1,0,0,0
166860,1,0,0,0
166935,1,0,0,0
167010,1,0,0,0
167085,1,0,0,0
167160,1,0,0,0
167235,1,0,0,0
167310,1,0,0,0
167385,1,0,0,0
167460,0,0,0,0
167535,1,0,0,0
167610,1,0,0,0
167685,1,0,1,0
167760,1,0,0,0
167835,1,0,0,0
167910,1,0,0,0
167985,1,0,1,0
168060,1,0,0,0
168135,1,0,0,0
168210,0,0,1,0
168285,1,0,0,0
168360,1,0,0,0
168435,1,0,0,0
168510,1,0,0,0
168585,1,0,0,0
168660,1,0,0,0
168735,1,0,0,0
168810,1,0,0,0
168885,1,0,0,0
168960,1,0,0,0
169035,1,0,0,0
169110,1,0,0,0
169185,1,0,0,0
169260,1,0,0,0
169335,1,0,0,0
169410,1,0,0,0
169485,1,0,0,0
169560,1,0,0,0
169635,1,0,0,0
169710,1,0,0,0
169785,1,0,0,0
169860,1,0,0,0
169935,1,0,0,0
170010,1,0,0,0
170085,1,0,0,0
170160,1,0,0,0
170235,1,0,0,0
170310,1,0,0,0
170385,1,0,0,0
170460,1,0,0,0
170535,1,0,0,0
170610,1,0,0,0
170685,1,0,0,0
170760,1,0,0,0
170835,1,0,0,0
170910,1,0,0,0
170985,1,0,0,0
171060,1,0,0,0
171135,1,0,0,0
171210,1,0,0,0
171285,1,0,0,0
171360,1,0,0,0
171435,1,0,0,0
171510,1,0,0,0
171585,1,0,0,0
171660,1,0,0,0
171735,1,0,0,0
171810,1,0,0,0
171885,1,0,0,0
171960,1,0,0,0
172035,1,0,0,0
172110,1,0,0,0
172185,1,0,0,0
172260,1,0,0,0
172335,1,0,0,0
172410,1,0,0,0
172485,1,0,0,0
172560,1,0,0,0
172635,1,0,0,0
172710,1,0,0,0
172785,1,0,0,0
172860,1,0,0,0
172935,1,0,0,0
173010,1,0,0,0
173085,1,0,0,0
173160,1,0,0,0
173235,1,0,0,0
173310,1,0,0,0
173385,1,0,0,0
173460,1,0,0,0
173535,1,0,0,0
173610,1,0,0,0
173685,1,0,0,0
173760,1,0,0,0
173835,1,0,0,0
173910,1,0,0,0
173985,1,0,0,0
174060,1,0,0,0
174135,1,0,0,0
174210,1,0,0,0
174285,1,0,0,0
174360,1,0,0,0
174435,1,0,0,0
174510,1,0,0,0
174585,1,0,0,0
174660,1,0,0,0
174735,1,0,0,0
174810,1,0,0,0
174885,1,0,0,0
174960,1,0,0,0
175035,1,0,0,0
175110,1,0,0,0
175185,1,0,0,0
175260,0,0,0,0
175335,1,0,0,0
175410,0,0,0,0
175485,0,0,0,0
175560,1,0,0,0
175635,1,0,0,0
175710,0,0,0,0
175785,0,0,0,0
175860,1,0,0,0
175935,1,0,0,0
176010,1,0,1,0
176085,1,0,0,0
176160,1,0,1,0
176235,1,0,0,0
176310,1,0,0,0
176385,1,0,0,0
176460,1,0,0,0
176535,1,0,0,0
176610,1,0,0,0
176685,1,0,0,0
176760,1,0,0,0
176835,1,0,0,0
176910,1,0,0,0
176985,1,0,0,0
177060,1,0,0,0
177135,1,0,0,0
177210,1,0,0,0
177285,1,0,0,0
177360,1,0,0,0
177435,1,0,0,0
177510,1,0,0,0
177585,1,0,0,0
177660,1,0,0,0
177735,1,0,0,0
177810,1,0,0,0
177885,1,0,0,0
177960,1,0,0,0
178035,1,0,0,0
178110,1,0,0,0
178185,1,0,0,0
178260,1,0,0,0
178335,1,0,0,0
178410,0,0,0,0
178485,1,0,0,0
178560,1,0,0,0
178635,1,0,0,0
178710,1,0,0,0
178785,1,0,0,0
178860,1,0,0,0
178935,1,0,0,0
179010,1,0,0,0
179085,1,0,0,0
179160,0,0,0,0
179235,1,0,0,0
179310,1,0,0,0
179385,1,0,0,0
179460,1,0,0,0
179535,1,0,0,0
179610,1,0,0,0
179685,1,0,0,0
179760,1,0,0,0
179835,1,0,0,0
179910,1,0,0,0
179985,1,0,0,0
180060,1,0,0,0
180135,1,0,0,0
180210,1,0,0,0
180285,1,0,0,0
180360,1,0,0,0
180435,1,0,0,0
180510,1,0,0,0
180585,1,0,0,0
180660,1,0,0,0
180735,1,0,0,0
180810,1,0,0,0
180885,1,0,0,0
180960,1,0,0,0
181035,1,0,0,0
181110,1,0,0,0
181185,1,0,0,0
181260,1,0,0,0
181335,1,0,0,0
181410,1,0,0,0
181485,1,0,0,0
181560,1,0,0,0
181635,1,0,0,0
181710,1,0,0,0
181785,1,0,0,0
181860,1,0,0,0
181935,1,0,0,0
182010,1,0,0,0
182085,1,0,0,0
182160,1,0,0,0
182235,1,0,0,0
182310,1,0,0,0
182385,1,0,0,0
182460,1,0,0,0
182535,1,1,0,0
182610,1,0,0,0
182685,1,0,0,0
182760,1,0,0,0
182835,1,0,0,0
182910,1,0,0,0
182985,1,1,0,0
183060,1,0,0,0
183135,1,0,0,0
183210,1,0,0,0
183285,1,0,0,0
183360,1,0,0,0
183435,1,0,0,0
183510,1,0,0,0
183585,1,0,0,0
183660,1,0,0,0
183735,1,1,0,0
183810,1,1,0,0
183885,1,0,0,0
183960,1,0,0,0
184035,0,0,0,0
184110,0,0,1,0
184185,1,0,0,0
184260,1,0,0,0
184335,1,0,0,0
184410,1,0,0,0
184485,0,0,1,0
184560,0,0,0,0
184635,1,0,0,0
184710,1,0,0,0
184785,0,0,0,0
184860,1,0,0,0
184935,1,0,0,0
185010,1,0,0,0
185085,1,0,0,0
185160,1,0,0,0
185235,1,0,0,0
185310,1,0,0,0
185385,1,0,0,0
185460,1,0,0,0
185535,1,0,0,0
185610,1,0,0,0
185685,0,0,1,0
185760,1,0,0,0
185835,1,0,0,0
185910,1,0,1,0
185985,1,0,0,0
186060,1,0,0,0
186135,1,0,0,0
186210,1,0,0,0
186285,1,0,0,0
186360,1,0,0,0
186435,1,0,0,0
186510,1,0,0,0
186585,1,0,0,0
186660,1,0,0,0
186735,1,0,0,0
186810,1,0,0,0
186885,0,0,1,0
186960,1,0,0,0
187035,1,0,0,0
187110,1,0,1,0
187185,1,0,1,0
187260,1,0,0,0
187335,1,0,0,0
187410,1,0,1,0
187485,0,0,1,0
187560,1,0,0,0
187635,1,0,0,0
187710,1,0,1,0
187785,1,0,0,0
187860,1,0,0,0
187935,1,0,0,0
188010,1,0,1,0
188085,1,0,0,0
188160,1,0,0,0
188235,1,0,0,0
188310,1,0,1,0
188385,1,0,0,0
188460,1,0,0,0
188535,1,0,0,0
188610,1,0,1,0
188685,1,0,0,0
188760,1,0,0,0
188835,1,0,0,0
188910,1,0,1,0
188985,1,0,0,0
189060,1,0,0,0
189135,1,0,0,0
189210,1,0,0,0
189285,0,0,0,0
189360,1,0,0,0
189435,1,0,0,0
189510,1,0,1,0
189585,1,0,0,0
189660,1,0,0,0
189735,1,0,0,0
189810,1,0,1,0
189885,1,0,0,0
189960,1,0,0,0
190035,1,0,0,0
190110,1,0,0,0
190185,0,0,0,0
190260,1,0,0,0
190335,1,0,0,0
190410,1,0,0,0
190485,1,0,0,0
190560,1,0,0,0
190635,1,0,0,0
190710,1,0,0,0
190785,1,0,0,0
190860,1,0,0,0
190935,1,0,0,0
191010,1,0,0,0
191085,0,0,0,0
191160,1,0,0,0
191235,1,0,0,0
191310,1,0,0,0
191385,0,0,0,0
191460,1,0,0,0
191535,1,0,0,0
191610,1,0,0,0
191685,1,0,0,0
191760,1,0,0,0
191835,1,0,0,0
191910,1,0,0,0
191985,1,0,0,0
192060,1,0,0,0
192135,1,0,0,0
192210,1,0,1,0
192285,1,0,0,0
192360,1,0,0,0
192435,1,0,1,0
192510,1,0,0,0
192585,1,0,0,0
192660,1,0,0,0
192735,1,0,0,0
192810,1,0,1,0
192885,1,0,0,0
192960,1,0,0,0
193035,1,0,0,0
193110,1,0,1,0
193185,1,0,0,0
193260,1,0,0,0
193335,1,0,0,0
193410,0,0,0,0
193485,1,0,0,0
193560,1,0,0,0
193635,1,0,0,0
193710,1,0,1,0
193785,1,0,0,0
193860,1,0,0,0
193935,1,0,0,0
194010,1,0,0,0
194085,1,0,0,0
194160,1,0,0,0
194235,1,0,0,0
194310,1,0,1,0
194385,0,0,0,0
194460,1,0,0,0
194535,1,0,0,0
194610,0,0,1,0
194685,1,0,0,0
194760,1,0,0,0
194835,1,0,0,0
194910,1,0,1,0
194985,1,0,0,0
195060,1,0,0,0
195135,1,0,0,0
195210,1,0,0,0
195285,1,0,0,0
195360,1,0,0,0
195435,1,0,0,0
195510,0,0,1,0
195585,1,0,0,0
195660,1,0,0,0
195735,1,0,0,0
195810,0,0,0,0
195885,1,0,0,0
195960,1,0,0,0
196035,1,0,0,0
196110,1,0,1,0
196185,1,0,0,0
196260,1,0,0,0
196335,1,0,0,0
196410,0,0,0,0
196485,1,0,1,0
196560,1,0,0,0
196635,1,0,0,0
196710,0,0,1,0
196785,0,0,0,0
196860,1,0,0,0
196935,1,0,0,0
197010,0,0,1,0
197085,1,0,0,0
197160,1,0,0,0
197235,1,0,0,0
197310,1,0,0,0
197385,1,0,0,0
197460,1,0,0,0
197535,1,0,0,0
197610,1,0,0,0
197685,1,0,1,0
197760,1,0,0,0
197835,1,0,0,0
197910,1,0,1,0
197985,1,0,0,0
198060,1,0,0,0
198135,1,0,0,0
198210,0,0,1,0
198285,1,0,1,0
198360,1,0,0,0
198435,1,0,0,0
198510,1,0,0,0
198585,1,0,1,0
198660,1,0,0,0
198735,1,0,0,0
198810,1,0,1,0
198885,1,0,0,0
198960,0,0,0,0
199035,1,0,0,0
199110,1,0,0,0
199185,0,0,1,0
199260,1,0,0,0
199335,1,0,0,0
199410,1,0,0,0
199485,1,0,1,0
199560,1,0,0,0
199635,1,0,0,0
199710,1,0,0,0
199785,1,0,0,0
199860,0,0,0,0
199935,1,0,0,0
200010,1,0,0,0
200085,0,0,1,0
200160,1,0,0,0
200235,1,0,0,0
200310,1,0,0,0
200385,1,0,0,0
200460,1,0,0,0
200535,1,0,0,0
200610,1,0,0,0
200685,1,0,0,0
200760,1,0,0,0
200835,1,0,0,0
200910,1,0,0,0
200985,1,0,0,0
201060,1,0,0,0
201135,1,0,0,0
201210,1,0,0,0
201285,1,0,0,0
201360,1,0,0,0
201435,1,0,0,0
201510,1,0,0,0
201585,1,0,0,0
201660,1,0,0,0
201735,1,0,0,0
201810,1,0,0,0
201885,1,0,0,0
201960,1,0,0,0
202035,1,0,0,0
202110,1,0,0,0
202185,1,0,0,0
202260,1,0,0,0
202335,1,0,0,0
202410,1,0,0,0
202485,1,0,0,0
202560,1,0,0,0
202635,1,0,0,0
202710,1,0,0,0
202785,1,0,0,0
202860,1,0,0,0
202935,1,0,0,0
203010,1,0,0,0
203085,1,0,0,0
203160,1,0,0,0
203235,1,0,0,0
203310,1,0,0,0
203385,1,0,0,0
203460,1,0,0,0
203535,1,0,0,0
203610,1,0,0,0
203685,1,0,0,0
203760,1,0,0,0
203835,1,0,0,0
203910,1,0,0,0
203985,1,0,0,0
204060,0,0,0,0
204135,1,0,0,0
204210,1,0,0,0
204285,1,0,0,0
204360,1,0,0,0
204435,1,0,0,0
204510,1,0,0,0
204585,1,0,0,0
204660,1,0,0,0
204735,1,0,0,0
204810,1,0,1,0
204885,1,0,0,0
204960,1,0,0,0
205035,1,0,0,0
205110,1,0,1,0
205185,1,0,0,0
205260,1,0,0,0
205335,1,0,1,0
205410,1,0,0,0
205485,1,0,0,0
205560,1,0,0,0
205635,1,0,0,0
205710,1,0,0,0
205785,0,0,0,0
205860,1,0,0,0
205935,1,0,0,0
206010,1,0,0,0
206085,1,0,0,0
206160,1,0,0,0
206235,1,0,0,0
206310,1,0,0,0
206385,0,0,1,0
206460,1,0,0,0
206535,1,0,0,0
206610,1,0,0,0
206685,0,0,0,0
206760,1,0,0,0
206835,1,0,0,0
206910,0,0,1,0
206985,1,0,0,0
207060,1,0,0,0
207135,1,0,0,0
207210,1,0,0,0
207285,1,0,0,0
207360,1,0,0,0
207435,1,0,1,0
207510,1,0,0,0
207585,1,0,0,0
207660,1,0,0,0
207735,1,0,0,0
207810,1,0,1,0
207885,1,0,0,0
207960,1,0,0,0
208035,1,0,0,0
208110,1,0,1,0
208185,1,0,0,0
208260,1,0,0,0
208335,1,0,0,0
208410,1,0,0,0
208485,1,0,0,0
208560,1,0,0,0
208635,1,0,0,0
208710,1,0,1,0
208785,1,0,0,0
208860,1,0,0,0
208935,1,0,0,0
209010,1,0,0,0
209085,1,0,0,0
209160,1,0,0,0
209235,1,0,0,0
209310,1,0,0,0
209385,1,0,0,0
209460,1,0,0,0
209535,1,0,0,0
209610,1,0,0,0
209685,1,0,0,0
209760,1,0,0,0
209835,1,0,0,0
209910,1,0,0,0
209985,1,0,0,0
210060,1,0,0,0
210135,1,0,0,0
210210,1,0,0,0
210285,1,0,0,0
210360,1,0,0,0
210435,1,0,0,0
210510,1,0,0,0
210585,1,0,0,0
210660,1,0,0,0
210735,1,0,0,0
210810,1,0,0,0
210885,1,0,0,0
210960,1,0,0,0
211035,1,0,0,0
211110,1,0,0,0
211185,1,0,0,0
211260,1,0,0,0
211335,1,0,0,0
211410,0,0,0,0
211485,1,0,1,0
211560,1,0,0,0
211635,1,0,0,0
211710,0,0,1,0
211785,1,0,0,0
211860,1,0,0,0
211935,1,0,0,0
212010,1,0,0,0
212085,1,0,0,0
212160,0,0,0,0
212235,1,0,0,0
212310,1,0,0,0
212385,1,0,1,0
212460,1,0,0,0
212535,1,0,0,0
212610,0,0,0,0
212685,1,0,0,0
212760,1,0,0,0
212835,1,0,0,0
212910,1,0,0,0
212985,1,0,0,0
213060,1,0,0,0
213135,1,0,1,0
213210,1,0,0,0
213285,1,0,1,0
213360,1,0,0,0
213435,1,0,0,0
213510,1,0,0,0
213585,1,0,0,0
213660,1,0,0,0
213735,1,0,0,0
213810,1,0,0,0
213885,1,0,0,0
213960,1,0,0,0
214035,1,0,0,0
214110,1,0,0,0
214185,1,0,0,0
214260,1,0,0,0
214335,1,0,0,0
214410,1,0,1,0
214485,1,0,0,0
214560,1,0,0,0
214635,1,0,0,0
214710,1,0,1,0
214785,1,0,1,0
214860,1,0,0,0
214935,1,0,0,0
215010,0,0,1,0
215085,1,0,0,0
215160,1,0,0,0
215235,1,0,0,0
215310,1,0,0,0
215385,1,0,0,0
215460,1,0,0,0
215535,1,0,0,0
215610,1,0,0,0
215685,1,0,0,0
215760,1,0,0,0
215835,1,0,0,0
215910,1,0,0,0
215985,0,0,1,0
216060,1,0,0,0
216135,1,0,0,0
216210,1,0,1,0
216285,1,0,0,0
216360,1,0,0,0
216435,1,0,1,0
216510,0,0,1,0
216585,1,0,0,0
216660,1,0,0,0
216735,1,0,0,0
216810,1,0,1,0
216885,1,0,0,0
216960,1,0,0,0
217035,1,0,0,0
217110,1,0,0,0
217185,0,0,1,0
217260,1,0,0,0
217335,1,0,0,0
217410,0,0,1,0
217485,0,0,1,0
217560,1,0,0,0
217635,1,0,0,0
217710,0,0,1,0
217785,1,0,0,0
217860,1,0,0,0
217935,1,0,0,0
218010,1,0,0,0
218085,1,0,0,0
218160,0,0,0,0
218235,1,0,0,0
218310,1,0,0,0
218385,0,0,1,0
218460,1,0,0,0
218535,1,0,0,0
218610,1,0,1,0
218685,1,0,0,0
218760,1,0,0,0
218835,1,0,0,0
218910,1,0,0,0
218985,1,0,0,0
219060,1,0,0,0
219135,1,0,0,0
219210,1,0,0,0
219285,1,0,0,0
219360,1,0,0,0
219435,1,0,0,0
219510,1,0,0,0
219585,1,0,0,0
219660,1,0,0,0
219735,1,0,0,0
219810,1,0,0,0
219885,1,0,0,0
219960,1,0,0,0
220035,1,0,0,0
220110,1,0,0,0
220185,1,0,0,0
220260,1,0,0,0
220335,1,0,0,0
220410,1,0,0,0
220485,1,0,0,0
220560,1,0,0,0
220635,1,0,0,0
220710,1,0,0,0
220785,1,0,0,0
220860,1,0,0,0
220935,1,0,0,0
221010,1,0,0,0
221085,1,0,0,0
221160,1,0,0,0
221235,1,0,0,0
221310,1,0,0,0
221385,1,0,0,0
221460,1,0,0,0
221535,1,0,0,0
221610,1,0,0,0
221685,1,0,0,0
221760,1,0,1,0
221835,1,0,0,0
221910,1,0,0,0
221985,1,0,0,0
222060,1,0,0,0
222135,1,0,0,0
222210,1,0,0,0
222285,1,0,0,0
222360,1,0,0,0
222435,1,0,1,0
222510,1,0,0,0
222585,0,0,0,0
222660,1,0,0,0
222735,1,0,0,0
222810,1,0,0,0
222885,1,0,0,0
222960,1,0,0,0
223035,0,0,1,0
223110,1,0,0,0
223185,1,0,0,0
223260,1,0,0,0
223335,1,0,0,0
223410,1,0,0,0
223485,1,0,0,0
223560,1,0,0,0
223635,1,0,0,0
223710,1,0,0,0
223785,1,0,0,0
223860,1,0,0,0
223935,1,0,0,0
224010,1,0,0,0
224085,1,0,1,0
224160,1,0,0,0
224235,1,0,0,0
224310,1,0,0,0
224385,1,0,0,0
224460,1,0,0,0
224535,1,0,0,0
224610,1,0,0,0
224685,1,0,0,0
224760,0,0,0,0
224835,1,0,0,0
224910,0,0,1,0
224985,1,0,0,0
225060,1,0,0,0
225135,1,0,0,0
225210,1,0,0,0
225285,1,0,0,0
225360,0,0,0,0
225435,1,0,0,0
225510,1,0,0,0
225585,1,0,0,0
225660,1,0,0,0
225735,1,0,0,0
225810,1,0,0,0
225885,1,0,0,0
225960,1,0,0,0
226035,1,0,0,0
226110,1,0,1,0
226185,1,0,0,0
226260,1,0,0,0
226335,1,0,0,0
226410,1,0,0,0
226485,1,0,0,0
226560,1,0,0,0
226635,1,0,0,0
226710,1,0,1,0
226785,1,0,0,0
226860,1,0,0,0
226935,1,0,0,0
227010,1,0,0,0
227085,1,0,0,0
227160,1,0,0,0
227235,1,0,0,0
227310,1,0,1,0
227385,1,0,0,0
227460,1,0,0,0
227535,1,0,0,0
227610,1,0,0,0
227685,1,0,0,0
227760,1,0,0,0
227835,1,0,0,0
227910,1,0,0,0
227985,1,0,1,0
228060,1,0,0,0
228135,1,0,0,0
228210,0,0,1,0
228285,1,0,0,0
228360,1,0,0,0
228435,1,0,0,0
228510,1,0,0,0
228585,1,0,0,0
228660,1,0,0,0
228735,1,0,0,0
228810,1,0,0,0
228885,1,0,0,0
228960,1,0,0,0
229035,1,0,0,0
229110,1,0,0,0
229185,1,0,0,0
229260,1,0,0,0
229335,1,0,0,0
229410,1,0,0,0
229485,1,0,0,0
229560,1,0,0,0
229635,1,0,0,0
229710,1,0,0,0
229785,1,0,0,0
229860,1,0,0,0
229935,1,0,0,0
230010,1,0,0,0
230085,1,0,1,0
230160,1,0,0,0
230235,1,0,0,0
230310,1,0,0,0
230385,1,0,0,0
230460,1,0,0,0
230535,1,0,0,0
230610,1,0,0,0
230685,1,0,1,0
230760,1,0,0,0
230835,1,0,0,0
230910,1,0,1,0
230985,1,0,0,0
231060,1,0,0,0
231135,1,0,0,0
231210,1,0,0,0
231285,1,0,0,0
231360,1,0,0,0
231435,1,0,0,0
231510,1,0,1,0
231585,1,0,0,0
231660,1,0,0,0
231735,1,0,0,0
231810,1,0,0,0
231885,1,0,0,0
231960,1,0,0,0
232035,1,0,0,0
232110,1,0,0,0
232185,1,0,0,0
232260,1,0,0,0
232335,1,0,0,0
232410,1,0,0,0
232485,1,0,0,0
232560,1,0,0,0
232635,1,0,0,0
232710,1,0,0,0
232785,1,0,0,0
232860,1,0,0,0
232935,1,0,0,0
233010,1,0,0,0
233085,1,0,0,0
233160,1,0,0,0
233235,1,0,0,0
233310,1,0,0,0
233385,1,0,1,0
233460,1,0,0,0
233535,1,0,0,0
233610,1,0,1,0
233685,1,0,0,0
233760,1,0,0,0
233835,1,0,0,0
233910,1,0,0,0
233985,1,0,1,0
234060,1,0,0,0
234135,1,0,0,0
234210,1,0,1,0
234285,1,0,0,0
234360,1,0,0,0
234435,1,0,1,0
234510,1,0,0,0
234585,1,0,0,0
234660,1,0,0,0
234735,1,0,0,0
234810,1,0,0,0
234885,1,0,0,0
234960,1,0,0,0
235035,1,0,0,0
235110,1,0,0,0
235185,1,0,0,0
235260,1,0,0,0
235335,1,0,0,0
235410,1,0,0,0
235485,1,0,0,0
235560,1,0,0,0
235635,1,0,0,0
235710,1,0,0,0
235785,1,0,0,0
235860,1,0,0,0
235935,1,0,0,0
236010,1,0,0,0
236085,1,0,1,0
236160,1,0,0,0
236235,1,0,0,0
236310,1,0,0,0
236385,1,0,0,0
236460,1,0,0,0
236535,1,0,0,0
236610,1,0,0,0
236685,1,0,0,0
236760,1,0,0,0
236835,1,0,0,0
236910,1,0,0,0
236985,1,0,0,0
237060,0,0,0,0
237135,1,0,0,0
237210,1,0,0,0
237285,1,0,1,0
237360,0,0,0,0
237435,1,0,0,0
237510,1,0,0,0
237585,0,0,1,0
237660,1,0,0,0
237735,1,0,0,0
237810,0,0,1,0
237885,1,0,1,0
237960,1,0,0,0
238035,1,0,0,0
238110,0,0,1,0
238185,1,0,0,0
238260,1,0,0,0
238335,1,0,0,0
238410,1,0,0,0
238485,1,0,0,0
238560,1,0,0,0
238635,1,0,0,0
238710,1,0,0,0
238785,1,0,0,0
238860,1,0,0,0
238935,1,0,0,0
239010,1,0,0,0
239085,1,0,0,0
239160,1,0,0,0
239235,1,0,0,0
239310,1,0,0,0
239385,1,0,0,0
239460,1,0,0,0
239535,1,0,0,0
239610,1,0,0,0
239685,1,0,1,0
239760,1,0,0,0
239835,1,0,0,0
239910,1,0,1,0
239985,1,0,0,0
240060,1,0,0,0
240135,1,0,0,0
240210,1,0,0,0
240285,1,0,0,0
240360,1,0,0,0
240435,1,0,0,0
240510,1,0,0,0
240585,1,0,0,0
240660,1,0,0,0
240735,1,0,0,0
240810,1,0,0,0
240885,1,0,0,0
240960,1,0,0,0
241035,1,0,0,0
241110,1,0,0,0
241185,1,0,0,0
241260,1,0,0,0
241335,1,0,0,0
241410,1,0,0,0
241485,1,0,0,0
241560,1,0,0,0
241635,1,0,0,0
241710,1,0,0,0
241785,1,0,0,0
241860,1,0,0,0
241935,1,0,0,0
242010,1,0,0,0
242085,1,0,0,0
242160,1,0,0,0
242235,1,0,0,0
242310,1,0,0,0
242385,1,0,0,0
242460,1,0,0,0
242535,1,0,0,0
242610,1,0,0,0
242685,1,0,0,0
242760,1,0,0,0
242835,1,0,0,0
242910,1,0,1,0
242985,1,0,0,0
243060,1,0,0,0
243135,1,0,0,0
243210,1,0,0,0
243285,1,0,0,0
243360,1,0,0,0
243435,1,0,0,0
243510,1,0,0,0
243585,1,0,0,0
243660,1,0,0,0
243735,1,0,0,0
243810,1,0,0,0
243885,0,0,0,0
243960,1,0,0,0
244035,1,0,0,0
244110,1,0,0,0
244185,0,0,0,0
244260,1,0,0,0
244335,1,0,0,0
244410,1,0,0,0
244485,1,0,0,0
244560,1,0,0,0
244635,1,0,0,0
244710,1,0,0,0
244785,1,0,0,0
244860,1,0,1,0
244935,1,0,0,0
245010,1,0,0,0
245085,1,0,0,0
245160,0,0,0,0
245235,1,0,0,0
245310,1,0,0,0
245385,1,0,0,0
245460,1,0,0,0
245535,1,0,0,0
245610,1,0,0,0
245685,1,0,0,0
245760,1,0,0,0
245835,1,0,0,0
245910,1,0,0,0
245985,1,0,0,0
246060,1,0,0,0
246135,1,0,0,0
246210,0,0,1,0
246285,0,0,0,0
246360,1,0,0,0
246435,1,0,0,0
246510,1,0,0,0
246585,1,0,1,0
246660,1,0,0,0
246735,0,0,0,0
246810,1,0,0,0
246885,1,0,0,0
246960,0,0,0,0
247035,0,0,0,0
247110,1,0,0,0
247185,1,0,0,0
247260,1,0,0,0
247335,1,0,0,0
247410,1,0,0,0
247485,1,0,0,0
247560,1,0,0,0
247635,1,0,0,0
247710,1,0,0,0
247785,1,0,0,0
247860,1,0,0,0
247935,1,0,0,0
248010,1,0,0,0
248085,1,0,0,0
248160,1,0,0,0
248235,1,0,1,0
248310,1,0,0,0
248385,1,0,0,0
248460,1,0,0,0
248535,1,1,0,0
248610,1,0,0,0
248685,1,0,0,0
248760,1,0,0,0
248835,1,0,1,0
248910,1,0,0,0
248985,1,1,0,0
249060,1,0,0,0
249135,1,0,0,0
249210,1,0,1,0
249285,1,0,0,0
249360,1,0,0,0
249435,1,0,1,0
249510,1,0,0,0
249585,1,1,0,0
249660,1,0,0,0
249735,1,0,0,0
249810,0,0,0,0
249885,1,0,0,0
249960,1,0,0,0
250035,0,0,0,0
250110,0,0,0,0
250185,1,0,0,0
250260,0,0,0,0
250335,1,0,1,0
250410,1,0,0,0
250485,1,0,0,0
250560,1,0,0,0
250635,1,0,0,0
250710,1,0,1,0
250785,1,0,0,0
250860,1,0,0,0
250935,1,0,0,0
251010,1,0,0,0
251085,1,0,0,0
251160,1,0,0,0
251235,1,0,0,0
251310,1,0,0,0
251385,1,0,0,0
251460,1,0,0,0
251535,1,0,0,0
251610,1,0,0,0
251685,1,0,0,0
251760,1,0,1,0
251835,1,0,0,0
251910,1,0,0,0
251985,1,0,0,0
252060,1,0,0,0
252135,1,0,0,0
252210,1,0,0,0
252285,1,0,1,0
252360,1,0,0,0
252435,1,0,1,0
252510,1,0,0,0
252585,1,0,0,0
252660,1,0,0,0
252735,1,0,0,0
252810,0,0,0,0
252885,0,0,0,0
252960,1,0,0,0
253035,1,0,0,0
253110,0,0,0,0
253185,0,0,0,0
253260,0,0,0,0
253335,0,0,0,0
253410,0,0,0,0
253485,0,0,0,0
253560,0,0,0,0
253635,0,0,0,0
253710,0,0,0,0
253785,0,0,0,0
253860,0,0,0,0
253935,0,0,1,0
254010,0,0,0,0
254085,0,0,0,0
254160,0,0,0,0
254235,0,0,0,0
254310,0,0,0,0
254385,0,0,0,0
254460,0,0,0,0
254535,0,0,0,0
254610,0,0,0,0
254685,0,0,0,0
254760,0,0,0,0
254835,0,0,0,0
254910,0,0,0,0
254985,0,0,0,0
255060,0,0,0,0
255135,0,0,0,0
255210,0,0,0,0
255285,0,0,0,0
255360,0,0,0,0
255435,0,0,0,0
255510,0,0,0,0
255585,0,0,0,0
255660,0,0,0,0
255735,0,0,0,0
255810,0,0,0,0
255885,0,0,0,0
255960,0,0,0,0
256035,0,0,0,0
256110,0,0,0,0
256185,0,0,0,0
256260,0,0,0,0
256335,0,0,0,0
256410,0,0,0,0
256485,0,0,0,0
256560,0,0,0,0
256635,0,0,0,0
256710,0,0,0,0
256785,0,0,0,0
256860,0,0,0,0
256935,0,0,0,0
257010,0,0,0,0
257085,0,0,0,0
257160,0,0,0,0
257235,0,0,0,0
257310,0,0,0,0
257385,0,0,0,0
257460,0,0,0,0
257535,0,0,0,0
257610,0,0,0,0
257685,0,0,0,0
257760,0,0,0,0
257835,0,0,0,0
257910,0,0,0,0
257985,0,0,0,0
258060,0,0,0,0
258135,0,0,0,0
258210,0,0,0,0
258285,0,0,0,0
258360,0,0,0,0
258435,0,0,0,0
258510,0,0,0,0
258585,0,0,0,0
258660,0,0,0,0
258735,0,0,0,0
258810,0,0,0,0
258885,0,0,0,0
258960,0,0,0,0
259035,0,0,0,0
259110,0,0,0,0
259185,0,0,0,0
259260,0,0,0,0
259335,0,0,0,0
259410,0,0,0,0
259485,0,0,0,0
259560,0,0,0,0
259635,0,0,0,0
259710,0,0,0,0
259785,0,0,0,0
259860,0,0,0,0
259935,0,0,0,0
260010,0,0,0,0
